{
  "cells": [
    {
      "cell_type": "code",
      "execution_count": 6,
      "id": "569f47c5",
      "metadata": {
        "id": "569f47c5"
      },
      "outputs": [],
      "source": [
        "import numpy as np\n",
        "A=np.array([[3,7,4,17,12,24,50],\n",
        "[2,12,2,17,16,19,51],\n",
        "[1,9,9,16,19,8,76],\n",
        "[6,2,2,12,21,25,57],\n",
        "[6,12,9,17,17,7,61],\n",
        "[1,4,4,3,17,8,52],\n",
        "[2,10,7,23,3,19,94],\n",
        "[6,6,6,16,11,13,50],\n",
        "[2,8,6,20,20,10,77],\n",
        "[6,3,6,15,13,17,52],\n",
        "[1,4,4,6,24,23,66],\n",
        "[4,7,4,25,21,5,98],\n",
        "[8,10,5,17,6,13,86],\n",
        "[3,2,3,12,19,16,61],\n",
        "[6,5,9,6,6,10,59],\n",
        "[8,10,9,23,23,5,98],\n",
        "[4,6,8,20,6,24,71],\n",
        "[7,4,7,16,20,8,61],\n",
        "[2,8,3,13,5,7,73]])\n"
      ]
    },
    {
      "cell_type": "code",
      "execution_count": 7,
      "id": "fdc18e4d",
      "metadata": {
        "id": "fdc18e4d",
        "outputId": "6a75f9f5-29b1-4a07-ace6-e5b9e9e3db11"
      },
      "outputs": [
        {
          "data": {
            "text/plain": [
              "array([[ 3,  7,  4, 17, 12, 24, 50],\n",
              "       [ 2, 12,  2, 17, 16, 19, 51],\n",
              "       [ 1,  9,  9, 16, 19,  8, 76],\n",
              "       [ 6,  2,  2, 12, 21, 25, 57],\n",
              "       [ 6, 12,  9, 17, 17,  7, 61],\n",
              "       [ 1,  4,  4,  3, 17,  8, 52],\n",
              "       [ 2, 10,  7, 23,  3, 19, 94],\n",
              "       [ 6,  6,  6, 16, 11, 13, 50],\n",
              "       [ 2,  8,  6, 20, 20, 10, 77],\n",
              "       [ 6,  3,  6, 15, 13, 17, 52],\n",
              "       [ 1,  4,  4,  6, 24, 23, 66],\n",
              "       [ 4,  7,  4, 25, 21,  5, 98],\n",
              "       [ 8, 10,  5, 17,  6, 13, 86],\n",
              "       [ 3,  2,  3, 12, 19, 16, 61],\n",
              "       [ 6,  5,  9,  6,  6, 10, 59],\n",
              "       [ 8, 10,  9, 23, 23,  5, 98],\n",
              "       [ 4,  6,  8, 20,  6, 24, 71],\n",
              "       [ 7,  4,  7, 16, 20,  8, 61],\n",
              "       [ 2,  8,  3, 13,  5,  7, 73]])"
            ]
          },
          "execution_count": 7,
          "metadata": {},
          "output_type": "execute_result"
        }
      ],
      "source": [
        "A"
      ]
    },
    {
      "cell_type": "code",
      "execution_count": 8,
      "id": "17b2801d",
      "metadata": {
        "id": "17b2801d",
        "outputId": "814c0295-85b8-4fe7-9252-5af569d37fcf"
      },
      "outputs": [
        {
          "data": {
            "text/plain": [
              "array([50, 51, 76, 57, 61, 52, 94, 50, 77, 52, 66, 98, 86, 61, 59, 98, 71,\n",
              "       61, 73])"
            ]
          },
          "execution_count": 8,
          "metadata": {},
          "output_type": "execute_result"
        }
      ],
      "source": [
        "Target=A[:,6]\n",
        "Target"
      ]
    },
    {
      "cell_type": "code",
      "execution_count": 9,
      "id": "d9114c7b",
      "metadata": {
        "id": "d9114c7b",
        "outputId": "f91e9a7e-e7de-4e03-d2bb-e47410135d55"
      },
      "outputs": [
        {
          "data": {
            "text/plain": [
              "array([[ 3,  7,  4, 17, 12, 24],\n",
              "       [ 2, 12,  2, 17, 16, 19],\n",
              "       [ 1,  9,  9, 16, 19,  8],\n",
              "       [ 6,  2,  2, 12, 21, 25],\n",
              "       [ 6, 12,  9, 17, 17,  7],\n",
              "       [ 1,  4,  4,  3, 17,  8],\n",
              "       [ 2, 10,  7, 23,  3, 19],\n",
              "       [ 6,  6,  6, 16, 11, 13],\n",
              "       [ 2,  8,  6, 20, 20, 10],\n",
              "       [ 6,  3,  6, 15, 13, 17],\n",
              "       [ 1,  4,  4,  6, 24, 23],\n",
              "       [ 4,  7,  4, 25, 21,  5],\n",
              "       [ 8, 10,  5, 17,  6, 13],\n",
              "       [ 3,  2,  3, 12, 19, 16],\n",
              "       [ 6,  5,  9,  6,  6, 10],\n",
              "       [ 8, 10,  9, 23, 23,  5],\n",
              "       [ 4,  6,  8, 20,  6, 24],\n",
              "       [ 7,  4,  7, 16, 20,  8],\n",
              "       [ 2,  8,  3, 13,  5,  7]])"
            ]
          },
          "execution_count": 9,
          "metadata": {},
          "output_type": "execute_result"
        }
      ],
      "source": [
        "D=A[:, 0:6]\n",
        "D"
      ]
    },
    {
      "cell_type": "code",
      "execution_count": 10,
      "id": "0e6ebad6",
      "metadata": {
        "id": "0e6ebad6",
        "outputId": "d829fb83-6da0-4934-dc4f-3c785eb5ac2f"
      },
      "outputs": [
        {
          "data": {
            "text/plain": [
              "array([[ 1,  3,  7,  4, 17, 12, 24],\n",
              "       [ 1,  2, 12,  2, 17, 16, 19],\n",
              "       [ 1,  1,  9,  9, 16, 19,  8],\n",
              "       [ 1,  6,  2,  2, 12, 21, 25],\n",
              "       [ 1,  6, 12,  9, 17, 17,  7],\n",
              "       [ 1,  1,  4,  4,  3, 17,  8],\n",
              "       [ 1,  2, 10,  7, 23,  3, 19],\n",
              "       [ 1,  6,  6,  6, 16, 11, 13],\n",
              "       [ 1,  2,  8,  6, 20, 20, 10],\n",
              "       [ 1,  6,  3,  6, 15, 13, 17],\n",
              "       [ 1,  1,  4,  4,  6, 24, 23],\n",
              "       [ 1,  4,  7,  4, 25, 21,  5],\n",
              "       [ 1,  8, 10,  5, 17,  6, 13],\n",
              "       [ 1,  3,  2,  3, 12, 19, 16],\n",
              "       [ 1,  6,  5,  9,  6,  6, 10],\n",
              "       [ 1,  8, 10,  9, 23, 23,  5],\n",
              "       [ 1,  4,  6,  8, 20,  6, 24],\n",
              "       [ 1,  7,  4,  7, 16, 20,  8],\n",
              "       [ 1,  2,  8,  3, 13,  5,  7]])"
            ]
          },
          "execution_count": 10,
          "metadata": {},
          "output_type": "execute_result"
        }
      ],
      "source": [
        "array2 = np.append([[1],[1],[1],[1],[1],[1],[1],[1],[1],[1],[1],[1],[1],[1],[1],[1],[1],[1],[1]],D, axis = 1)\n",
        "array2"
      ]
    },
    {
      "cell_type": "code",
      "execution_count": 11,
      "id": "56a3d566",
      "metadata": {
        "id": "56a3d566"
      },
      "outputs": [],
      "source": [
        "B=np.transpose(array2)"
      ]
    },
    {
      "cell_type": "code",
      "execution_count": 12,
      "id": "378b8f62",
      "metadata": {
        "id": "378b8f62",
        "outputId": "15230803-67df-4212-c426-4937bb8ae96f"
      },
      "outputs": [
        {
          "data": {
            "text/plain": [
              "array([[ 1,  1,  1,  1,  1,  1,  1,  1,  1,  1,  1,  1,  1,  1,  1,  1,\n",
              "         1,  1,  1],\n",
              "       [ 3,  2,  1,  6,  6,  1,  2,  6,  2,  6,  1,  4,  8,  3,  6,  8,\n",
              "         4,  7,  2],\n",
              "       [ 7, 12,  9,  2, 12,  4, 10,  6,  8,  3,  4,  7, 10,  2,  5, 10,\n",
              "         6,  4,  8],\n",
              "       [ 4,  2,  9,  2,  9,  4,  7,  6,  6,  6,  4,  4,  5,  3,  9,  9,\n",
              "         8,  7,  3],\n",
              "       [17, 17, 16, 12, 17,  3, 23, 16, 20, 15,  6, 25, 17, 12,  6, 23,\n",
              "        20, 16, 13],\n",
              "       [12, 16, 19, 21, 17, 17,  3, 11, 20, 13, 24, 21,  6, 19,  6, 23,\n",
              "         6, 20,  5],\n",
              "       [24, 19,  8, 25,  7,  8, 19, 13, 10, 17, 23,  5, 13, 16, 10,  5,\n",
              "        24,  8,  7]])"
            ]
          },
          "execution_count": 12,
          "metadata": {},
          "output_type": "execute_result"
        }
      ],
      "source": [
        "B"
      ]
    },
    {
      "cell_type": "code",
      "execution_count": 13,
      "id": "c8839703",
      "metadata": {
        "id": "c8839703"
      },
      "outputs": [],
      "source": [
        "C=np. dot(B,array2)"
      ]
    },
    {
      "cell_type": "code",
      "execution_count": 14,
      "id": "9df19cb9",
      "metadata": {
        "id": "9df19cb9",
        "outputId": "7f61a994-6226-4aef-df08-cedad1215443"
      },
      "outputs": [
        {
          "data": {
            "text/plain": [
              "array([[ 2.20983877e+00, -4.00839273e-02, -6.08469605e-02,\n",
              "        -7.40329509e-02, -3.64447026e-03, -3.55138880e-02,\n",
              "        -4.25661210e-02],\n",
              "       [-4.00839273e-02,  1.19117932e-02,  3.05481344e-03,\n",
              "        -3.43528047e-03, -1.57510337e-03,  3.96943156e-04,\n",
              "         6.06559668e-04],\n",
              "       [-6.08469605e-02,  3.05481344e-03,  1.00697054e-02,\n",
              "        -1.46952078e-03, -2.87225907e-03,  1.05990864e-03,\n",
              "         1.24441834e-03],\n",
              "       [-7.40329509e-02, -3.43528047e-03, -1.46952078e-03,\n",
              "         1.31527644e-02, -3.43885121e-04,  6.64227055e-04,\n",
              "         1.42752190e-03],\n",
              "       [-3.64447026e-03, -1.57510337e-03, -2.87225907e-03,\n",
              "        -3.43885121e-04,  2.58156794e-03, -2.71534008e-04,\n",
              "        -3.21083760e-04],\n",
              "       [-3.55138880e-02,  3.96943156e-04,  1.05990864e-03,\n",
              "         6.64227055e-04, -2.71534008e-04,  1.42464901e-03,\n",
              "         4.53470200e-04],\n",
              "       [-4.25661210e-02,  6.06559668e-04,  1.24441834e-03,\n",
              "         1.42752190e-03, -3.21083760e-04,  4.53470200e-04,\n",
              "         1.59406236e-03]])"
            ]
          },
          "execution_count": 14,
          "metadata": {},
          "output_type": "execute_result"
        }
      ],
      "source": [
        "E=np.linalg.inv(C)\n",
        "E"
      ]
    },
    {
      "cell_type": "code",
      "execution_count": 15,
      "id": "fd0eb7cc",
      "metadata": {
        "id": "fd0eb7cc"
      },
      "outputs": [],
      "source": [
        "F=np.dot(E,B)"
      ]
    },
    {
      "cell_type": "code",
      "execution_count": 16,
      "id": "fc97264a",
      "metadata": {
        "id": "fc97264a"
      },
      "outputs": [],
      "source": [
        "G=np.dot(F,Target)"
      ]
    },
    {
      "cell_type": "code",
      "execution_count": 17,
      "id": "6c8fdb33",
      "metadata": {
        "id": "6c8fdb33",
        "outputId": "ff9cda29-7ccd-4a8e-d6b2-b48d69770a4e"
      },
      "outputs": [
        {
          "data": {
            "text/plain": [
              "array([55.21198635, -0.96167903, -0.19654132,  0.45088493,  1.73316932,\n",
              "       -0.08821606, -0.72355224])"
            ]
          },
          "execution_count": 17,
          "metadata": {},
          "output_type": "execute_result"
        }
      ],
      "source": [
        "G"
      ]
    },
    {
      "cell_type": "code",
      "execution_count": null,
      "id": "ec1990b4",
      "metadata": {
        "id": "ec1990b4"
      },
      "outputs": [],
      "source": []
    },
    {
      "cell_type": "markdown",
      "id": "b2df45d4",
      "metadata": {
        "id": "b2df45d4"
      },
      "source": [
        "***DatasetBased***"
      ]
    },
    {
      "cell_type": "code",
      "execution_count": 20,
      "id": "49d8968b",
      "metadata": {
        "id": "49d8968b",
        "outputId": "b127d916-3dc0-46b3-e18a-54c1e9dea504"
      },
      "outputs": [
        {
          "ename": "FileNotFoundError",
          "evalue": "[Errno 2] No such file or directory: 'Example2.csv'",
          "output_type": "error",
          "traceback": [
            "\u001b[0;31m---------------------------------------------------------------------------\u001b[0m",
            "\u001b[0;31mFileNotFoundError\u001b[0m                         Traceback (most recent call last)",
            "Cell \u001b[0;32mIn[20], line 2\u001b[0m\n\u001b[1;32m      1\u001b[0m \u001b[38;5;28;01mimport\u001b[39;00m\u001b[38;5;250m \u001b[39m\u001b[38;5;21;01mpandas\u001b[39;00m\u001b[38;5;250m \u001b[39m\u001b[38;5;28;01mas\u001b[39;00m\u001b[38;5;250m \u001b[39m\u001b[38;5;21;01mpd\u001b[39;00m\n\u001b[0;32m----> 2\u001b[0m AA \u001b[38;5;241m=\u001b[39m \u001b[43mpd\u001b[49m\u001b[38;5;241;43m.\u001b[39;49m\u001b[43mread_csv\u001b[49m\u001b[43m(\u001b[49m\u001b[38;5;124;43m'\u001b[39;49m\u001b[38;5;124;43mExample2.csv\u001b[39;49m\u001b[38;5;124;43m'\u001b[39;49m\u001b[43m,\u001b[49m\u001b[43m \u001b[49m\u001b[43mheader\u001b[49m\u001b[38;5;241;43m=\u001b[39;49m\u001b[38;5;241;43m0\u001b[39;49m\u001b[43m)\u001b[49m\n\u001b[1;32m      3\u001b[0m AA\u001b[38;5;241m.\u001b[39mhead()\n",
            "File \u001b[0;32m~/Documents/ML/.venv/lib/python3.12/site-packages/pandas/io/parsers/readers.py:1026\u001b[0m, in \u001b[0;36mread_csv\u001b[0;34m(filepath_or_buffer, sep, delimiter, header, names, index_col, usecols, dtype, engine, converters, true_values, false_values, skipinitialspace, skiprows, skipfooter, nrows, na_values, keep_default_na, na_filter, verbose, skip_blank_lines, parse_dates, infer_datetime_format, keep_date_col, date_parser, date_format, dayfirst, cache_dates, iterator, chunksize, compression, thousands, decimal, lineterminator, quotechar, quoting, doublequote, escapechar, comment, encoding, encoding_errors, dialect, on_bad_lines, delim_whitespace, low_memory, memory_map, float_precision, storage_options, dtype_backend)\u001b[0m\n\u001b[1;32m   1013\u001b[0m kwds_defaults \u001b[38;5;241m=\u001b[39m _refine_defaults_read(\n\u001b[1;32m   1014\u001b[0m     dialect,\n\u001b[1;32m   1015\u001b[0m     delimiter,\n\u001b[0;32m   (...)\u001b[0m\n\u001b[1;32m   1022\u001b[0m     dtype_backend\u001b[38;5;241m=\u001b[39mdtype_backend,\n\u001b[1;32m   1023\u001b[0m )\n\u001b[1;32m   1024\u001b[0m kwds\u001b[38;5;241m.\u001b[39mupdate(kwds_defaults)\n\u001b[0;32m-> 1026\u001b[0m \u001b[38;5;28;01mreturn\u001b[39;00m \u001b[43m_read\u001b[49m\u001b[43m(\u001b[49m\u001b[43mfilepath_or_buffer\u001b[49m\u001b[43m,\u001b[49m\u001b[43m \u001b[49m\u001b[43mkwds\u001b[49m\u001b[43m)\u001b[49m\n",
            "File \u001b[0;32m~/Documents/ML/.venv/lib/python3.12/site-packages/pandas/io/parsers/readers.py:620\u001b[0m, in \u001b[0;36m_read\u001b[0;34m(filepath_or_buffer, kwds)\u001b[0m\n\u001b[1;32m    617\u001b[0m _validate_names(kwds\u001b[38;5;241m.\u001b[39mget(\u001b[38;5;124m\"\u001b[39m\u001b[38;5;124mnames\u001b[39m\u001b[38;5;124m\"\u001b[39m, \u001b[38;5;28;01mNone\u001b[39;00m))\n\u001b[1;32m    619\u001b[0m \u001b[38;5;66;03m# Create the parser.\u001b[39;00m\n\u001b[0;32m--> 620\u001b[0m parser \u001b[38;5;241m=\u001b[39m \u001b[43mTextFileReader\u001b[49m\u001b[43m(\u001b[49m\u001b[43mfilepath_or_buffer\u001b[49m\u001b[43m,\u001b[49m\u001b[43m \u001b[49m\u001b[38;5;241;43m*\u001b[39;49m\u001b[38;5;241;43m*\u001b[39;49m\u001b[43mkwds\u001b[49m\u001b[43m)\u001b[49m\n\u001b[1;32m    622\u001b[0m \u001b[38;5;28;01mif\u001b[39;00m chunksize \u001b[38;5;129;01mor\u001b[39;00m iterator:\n\u001b[1;32m    623\u001b[0m     \u001b[38;5;28;01mreturn\u001b[39;00m parser\n",
            "File \u001b[0;32m~/Documents/ML/.venv/lib/python3.12/site-packages/pandas/io/parsers/readers.py:1620\u001b[0m, in \u001b[0;36mTextFileReader.__init__\u001b[0;34m(self, f, engine, **kwds)\u001b[0m\n\u001b[1;32m   1617\u001b[0m     \u001b[38;5;28mself\u001b[39m\u001b[38;5;241m.\u001b[39moptions[\u001b[38;5;124m\"\u001b[39m\u001b[38;5;124mhas_index_names\u001b[39m\u001b[38;5;124m\"\u001b[39m] \u001b[38;5;241m=\u001b[39m kwds[\u001b[38;5;124m\"\u001b[39m\u001b[38;5;124mhas_index_names\u001b[39m\u001b[38;5;124m\"\u001b[39m]\n\u001b[1;32m   1619\u001b[0m \u001b[38;5;28mself\u001b[39m\u001b[38;5;241m.\u001b[39mhandles: IOHandles \u001b[38;5;241m|\u001b[39m \u001b[38;5;28;01mNone\u001b[39;00m \u001b[38;5;241m=\u001b[39m \u001b[38;5;28;01mNone\u001b[39;00m\n\u001b[0;32m-> 1620\u001b[0m \u001b[38;5;28mself\u001b[39m\u001b[38;5;241m.\u001b[39m_engine \u001b[38;5;241m=\u001b[39m \u001b[38;5;28;43mself\u001b[39;49m\u001b[38;5;241;43m.\u001b[39;49m\u001b[43m_make_engine\u001b[49m\u001b[43m(\u001b[49m\u001b[43mf\u001b[49m\u001b[43m,\u001b[49m\u001b[43m \u001b[49m\u001b[38;5;28;43mself\u001b[39;49m\u001b[38;5;241;43m.\u001b[39;49m\u001b[43mengine\u001b[49m\u001b[43m)\u001b[49m\n",
            "File \u001b[0;32m~/Documents/ML/.venv/lib/python3.12/site-packages/pandas/io/parsers/readers.py:1880\u001b[0m, in \u001b[0;36mTextFileReader._make_engine\u001b[0;34m(self, f, engine)\u001b[0m\n\u001b[1;32m   1878\u001b[0m     \u001b[38;5;28;01mif\u001b[39;00m \u001b[38;5;124m\"\u001b[39m\u001b[38;5;124mb\u001b[39m\u001b[38;5;124m\"\u001b[39m \u001b[38;5;129;01mnot\u001b[39;00m \u001b[38;5;129;01min\u001b[39;00m mode:\n\u001b[1;32m   1879\u001b[0m         mode \u001b[38;5;241m+\u001b[39m\u001b[38;5;241m=\u001b[39m \u001b[38;5;124m\"\u001b[39m\u001b[38;5;124mb\u001b[39m\u001b[38;5;124m\"\u001b[39m\n\u001b[0;32m-> 1880\u001b[0m \u001b[38;5;28mself\u001b[39m\u001b[38;5;241m.\u001b[39mhandles \u001b[38;5;241m=\u001b[39m \u001b[43mget_handle\u001b[49m\u001b[43m(\u001b[49m\n\u001b[1;32m   1881\u001b[0m \u001b[43m    \u001b[49m\u001b[43mf\u001b[49m\u001b[43m,\u001b[49m\n\u001b[1;32m   1882\u001b[0m \u001b[43m    \u001b[49m\u001b[43mmode\u001b[49m\u001b[43m,\u001b[49m\n\u001b[1;32m   1883\u001b[0m \u001b[43m    \u001b[49m\u001b[43mencoding\u001b[49m\u001b[38;5;241;43m=\u001b[39;49m\u001b[38;5;28;43mself\u001b[39;49m\u001b[38;5;241;43m.\u001b[39;49m\u001b[43moptions\u001b[49m\u001b[38;5;241;43m.\u001b[39;49m\u001b[43mget\u001b[49m\u001b[43m(\u001b[49m\u001b[38;5;124;43m\"\u001b[39;49m\u001b[38;5;124;43mencoding\u001b[39;49m\u001b[38;5;124;43m\"\u001b[39;49m\u001b[43m,\u001b[49m\u001b[43m \u001b[49m\u001b[38;5;28;43;01mNone\u001b[39;49;00m\u001b[43m)\u001b[49m\u001b[43m,\u001b[49m\n\u001b[1;32m   1884\u001b[0m \u001b[43m    \u001b[49m\u001b[43mcompression\u001b[49m\u001b[38;5;241;43m=\u001b[39;49m\u001b[38;5;28;43mself\u001b[39;49m\u001b[38;5;241;43m.\u001b[39;49m\u001b[43moptions\u001b[49m\u001b[38;5;241;43m.\u001b[39;49m\u001b[43mget\u001b[49m\u001b[43m(\u001b[49m\u001b[38;5;124;43m\"\u001b[39;49m\u001b[38;5;124;43mcompression\u001b[39;49m\u001b[38;5;124;43m\"\u001b[39;49m\u001b[43m,\u001b[49m\u001b[43m \u001b[49m\u001b[38;5;28;43;01mNone\u001b[39;49;00m\u001b[43m)\u001b[49m\u001b[43m,\u001b[49m\n\u001b[1;32m   1885\u001b[0m \u001b[43m    \u001b[49m\u001b[43mmemory_map\u001b[49m\u001b[38;5;241;43m=\u001b[39;49m\u001b[38;5;28;43mself\u001b[39;49m\u001b[38;5;241;43m.\u001b[39;49m\u001b[43moptions\u001b[49m\u001b[38;5;241;43m.\u001b[39;49m\u001b[43mget\u001b[49m\u001b[43m(\u001b[49m\u001b[38;5;124;43m\"\u001b[39;49m\u001b[38;5;124;43mmemory_map\u001b[39;49m\u001b[38;5;124;43m\"\u001b[39;49m\u001b[43m,\u001b[49m\u001b[43m \u001b[49m\u001b[38;5;28;43;01mFalse\u001b[39;49;00m\u001b[43m)\u001b[49m\u001b[43m,\u001b[49m\n\u001b[1;32m   1886\u001b[0m \u001b[43m    \u001b[49m\u001b[43mis_text\u001b[49m\u001b[38;5;241;43m=\u001b[39;49m\u001b[43mis_text\u001b[49m\u001b[43m,\u001b[49m\n\u001b[1;32m   1887\u001b[0m \u001b[43m    \u001b[49m\u001b[43merrors\u001b[49m\u001b[38;5;241;43m=\u001b[39;49m\u001b[38;5;28;43mself\u001b[39;49m\u001b[38;5;241;43m.\u001b[39;49m\u001b[43moptions\u001b[49m\u001b[38;5;241;43m.\u001b[39;49m\u001b[43mget\u001b[49m\u001b[43m(\u001b[49m\u001b[38;5;124;43m\"\u001b[39;49m\u001b[38;5;124;43mencoding_errors\u001b[39;49m\u001b[38;5;124;43m\"\u001b[39;49m\u001b[43m,\u001b[49m\u001b[43m \u001b[49m\u001b[38;5;124;43m\"\u001b[39;49m\u001b[38;5;124;43mstrict\u001b[39;49m\u001b[38;5;124;43m\"\u001b[39;49m\u001b[43m)\u001b[49m\u001b[43m,\u001b[49m\n\u001b[1;32m   1888\u001b[0m \u001b[43m    \u001b[49m\u001b[43mstorage_options\u001b[49m\u001b[38;5;241;43m=\u001b[39;49m\u001b[38;5;28;43mself\u001b[39;49m\u001b[38;5;241;43m.\u001b[39;49m\u001b[43moptions\u001b[49m\u001b[38;5;241;43m.\u001b[39;49m\u001b[43mget\u001b[49m\u001b[43m(\u001b[49m\u001b[38;5;124;43m\"\u001b[39;49m\u001b[38;5;124;43mstorage_options\u001b[39;49m\u001b[38;5;124;43m\"\u001b[39;49m\u001b[43m,\u001b[49m\u001b[43m \u001b[49m\u001b[38;5;28;43;01mNone\u001b[39;49;00m\u001b[43m)\u001b[49m\u001b[43m,\u001b[49m\n\u001b[1;32m   1889\u001b[0m \u001b[43m\u001b[49m\u001b[43m)\u001b[49m\n\u001b[1;32m   1890\u001b[0m \u001b[38;5;28;01massert\u001b[39;00m \u001b[38;5;28mself\u001b[39m\u001b[38;5;241m.\u001b[39mhandles \u001b[38;5;129;01mis\u001b[39;00m \u001b[38;5;129;01mnot\u001b[39;00m \u001b[38;5;28;01mNone\u001b[39;00m\n\u001b[1;32m   1891\u001b[0m f \u001b[38;5;241m=\u001b[39m \u001b[38;5;28mself\u001b[39m\u001b[38;5;241m.\u001b[39mhandles\u001b[38;5;241m.\u001b[39mhandle\n",
            "File \u001b[0;32m~/Documents/ML/.venv/lib/python3.12/site-packages/pandas/io/common.py:873\u001b[0m, in \u001b[0;36mget_handle\u001b[0;34m(path_or_buf, mode, encoding, compression, memory_map, is_text, errors, storage_options)\u001b[0m\n\u001b[1;32m    868\u001b[0m \u001b[38;5;28;01melif\u001b[39;00m \u001b[38;5;28misinstance\u001b[39m(handle, \u001b[38;5;28mstr\u001b[39m):\n\u001b[1;32m    869\u001b[0m     \u001b[38;5;66;03m# Check whether the filename is to be opened in binary mode.\u001b[39;00m\n\u001b[1;32m    870\u001b[0m     \u001b[38;5;66;03m# Binary mode does not support 'encoding' and 'newline'.\u001b[39;00m\n\u001b[1;32m    871\u001b[0m     \u001b[38;5;28;01mif\u001b[39;00m ioargs\u001b[38;5;241m.\u001b[39mencoding \u001b[38;5;129;01mand\u001b[39;00m \u001b[38;5;124m\"\u001b[39m\u001b[38;5;124mb\u001b[39m\u001b[38;5;124m\"\u001b[39m \u001b[38;5;129;01mnot\u001b[39;00m \u001b[38;5;129;01min\u001b[39;00m ioargs\u001b[38;5;241m.\u001b[39mmode:\n\u001b[1;32m    872\u001b[0m         \u001b[38;5;66;03m# Encoding\u001b[39;00m\n\u001b[0;32m--> 873\u001b[0m         handle \u001b[38;5;241m=\u001b[39m \u001b[38;5;28;43mopen\u001b[39;49m\u001b[43m(\u001b[49m\n\u001b[1;32m    874\u001b[0m \u001b[43m            \u001b[49m\u001b[43mhandle\u001b[49m\u001b[43m,\u001b[49m\n\u001b[1;32m    875\u001b[0m \u001b[43m            \u001b[49m\u001b[43mioargs\u001b[49m\u001b[38;5;241;43m.\u001b[39;49m\u001b[43mmode\u001b[49m\u001b[43m,\u001b[49m\n\u001b[1;32m    876\u001b[0m \u001b[43m            \u001b[49m\u001b[43mencoding\u001b[49m\u001b[38;5;241;43m=\u001b[39;49m\u001b[43mioargs\u001b[49m\u001b[38;5;241;43m.\u001b[39;49m\u001b[43mencoding\u001b[49m\u001b[43m,\u001b[49m\n\u001b[1;32m    877\u001b[0m \u001b[43m            \u001b[49m\u001b[43merrors\u001b[49m\u001b[38;5;241;43m=\u001b[39;49m\u001b[43merrors\u001b[49m\u001b[43m,\u001b[49m\n\u001b[1;32m    878\u001b[0m \u001b[43m            \u001b[49m\u001b[43mnewline\u001b[49m\u001b[38;5;241;43m=\u001b[39;49m\u001b[38;5;124;43m\"\u001b[39;49m\u001b[38;5;124;43m\"\u001b[39;49m\u001b[43m,\u001b[49m\n\u001b[1;32m    879\u001b[0m \u001b[43m        \u001b[49m\u001b[43m)\u001b[49m\n\u001b[1;32m    880\u001b[0m     \u001b[38;5;28;01melse\u001b[39;00m:\n\u001b[1;32m    881\u001b[0m         \u001b[38;5;66;03m# Binary mode\u001b[39;00m\n\u001b[1;32m    882\u001b[0m         handle \u001b[38;5;241m=\u001b[39m \u001b[38;5;28mopen\u001b[39m(handle, ioargs\u001b[38;5;241m.\u001b[39mmode)\n",
            "\u001b[0;31mFileNotFoundError\u001b[0m: [Errno 2] No such file or directory: 'Example2.csv'"
          ]
        }
      ],
      "source": [
        "import pandas as pd\n",
        "AA = pd.read_csv('Example2.csv', header=0)\n",
        "AA.head()"
      ]
    },
    {
      "cell_type": "code",
      "execution_count": null,
      "id": "f61f5246",
      "metadata": {
        "id": "f61f5246"
      },
      "outputs": [],
      "source": [
        "T1 = AA.to_numpy()"
      ]
    },
    {
      "cell_type": "code",
      "execution_count": null,
      "id": "e310948e",
      "metadata": {
        "id": "e310948e",
        "outputId": "62454f76-643a-4de9-8c46-bae7c1755b5a"
      },
      "outputs": [
        {
          "data": {
            "text/plain": [
              "array([50, 51, 76, 57, 61, 52, 94, 50, 77, 52, 66, 98, 86, 61, 59, 98, 71,\n",
              "       61, 73], dtype=int64)"
            ]
          },
          "execution_count": 23,
          "metadata": {},
          "output_type": "execute_result"
        }
      ],
      "source": [
        "Tar=T1[:,6]\n",
        "Tar"
      ]
    },
    {
      "cell_type": "code",
      "execution_count": null,
      "id": "426a7dbc",
      "metadata": {
        "id": "426a7dbc",
        "outputId": "29ed043f-e489-44f6-9901-cabcef119c16"
      },
      "outputs": [
        {
          "data": {
            "text/plain": [
              "array([[ 3,  7,  4, 17, 12, 24],\n",
              "       [ 2, 12,  2, 17, 16, 19],\n",
              "       [ 1,  9,  9, 16, 19,  8],\n",
              "       [ 6,  2,  2, 12, 21, 25],\n",
              "       [ 6, 12,  9, 17, 17,  7],\n",
              "       [ 1,  4,  4,  3, 17,  8],\n",
              "       [ 2, 10,  7, 23,  3, 19],\n",
              "       [ 6,  6,  6, 16, 11, 13],\n",
              "       [ 2,  8,  6, 20, 20, 10],\n",
              "       [ 6,  3,  6, 15, 13, 17],\n",
              "       [ 1,  4,  4,  6, 24, 23],\n",
              "       [ 4,  7,  4, 25, 21,  5],\n",
              "       [ 8, 10,  5, 17,  6, 13],\n",
              "       [ 3,  2,  3, 12, 19, 16],\n",
              "       [ 6,  5,  9,  6,  6, 10],\n",
              "       [ 8, 10,  9, 23, 23,  5],\n",
              "       [ 4,  6,  8, 20,  6, 24],\n",
              "       [ 7,  4,  7, 16, 20,  8],\n",
              "       [ 2,  8,  3, 13,  5,  7]], dtype=int64)"
            ]
          },
          "execution_count": 63,
          "metadata": {},
          "output_type": "execute_result"
        }
      ],
      "source": [
        "D1=T1[:, 0:6]\n",
        "D1"
      ]
    },
    {
      "cell_type": "code",
      "execution_count": null,
      "id": "daba3576",
      "metadata": {
        "id": "daba3576",
        "outputId": "dfe3e8f8-dadf-46a5-ac92-7f21bb0e2858"
      },
      "outputs": [
        {
          "data": {
            "text/plain": [
              "array([[ 1,  3,  7,  4, 17, 12, 24],\n",
              "       [ 1,  2, 12,  2, 17, 16, 19],\n",
              "       [ 1,  1,  9,  9, 16, 19,  8],\n",
              "       [ 1,  6,  2,  2, 12, 21, 25],\n",
              "       [ 1,  6, 12,  9, 17, 17,  7],\n",
              "       [ 1,  1,  4,  4,  3, 17,  8],\n",
              "       [ 1,  2, 10,  7, 23,  3, 19],\n",
              "       [ 1,  6,  6,  6, 16, 11, 13],\n",
              "       [ 1,  2,  8,  6, 20, 20, 10],\n",
              "       [ 1,  6,  3,  6, 15, 13, 17],\n",
              "       [ 1,  1,  4,  4,  6, 24, 23],\n",
              "       [ 1,  4,  7,  4, 25, 21,  5],\n",
              "       [ 1,  8, 10,  5, 17,  6, 13],\n",
              "       [ 1,  3,  2,  3, 12, 19, 16],\n",
              "       [ 1,  6,  5,  9,  6,  6, 10],\n",
              "       [ 1,  8, 10,  9, 23, 23,  5],\n",
              "       [ 1,  4,  6,  8, 20,  6, 24],\n",
              "       [ 1,  7,  4,  7, 16, 20,  8],\n",
              "       [ 1,  2,  8,  3, 13,  5,  7]], dtype=int64)"
            ]
          },
          "execution_count": 64,
          "metadata": {},
          "output_type": "execute_result"
        }
      ],
      "source": [
        "array3 = np.append([[1],[1],[1],[1],[1],[1],[1],[1],[1],[1],[1],[1],[1],[1],[1],[1],[1],[1],[1]],D1, axis = 1)\n",
        "array3"
      ]
    },
    {
      "cell_type": "code",
      "execution_count": null,
      "id": "92380766",
      "metadata": {
        "id": "92380766"
      },
      "outputs": [],
      "source": [
        "B1=np.transpose(array3)"
      ]
    },
    {
      "cell_type": "code",
      "execution_count": null,
      "id": "ff576dcb",
      "metadata": {
        "id": "ff576dcb",
        "outputId": "73686cb7-7303-400c-d4c1-e938d9528860"
      },
      "outputs": [
        {
          "data": {
            "text/plain": [
              "array([[ 1,  1,  1,  1,  1,  1,  1,  1,  1,  1,  1,  1,  1,  1,  1,  1,\n",
              "         1,  1,  1],\n",
              "       [ 3,  2,  1,  6,  6,  1,  2,  6,  2,  6,  1,  4,  8,  3,  6,  8,\n",
              "         4,  7,  2],\n",
              "       [ 7, 12,  9,  2, 12,  4, 10,  6,  8,  3,  4,  7, 10,  2,  5, 10,\n",
              "         6,  4,  8],\n",
              "       [ 4,  2,  9,  2,  9,  4,  7,  6,  6,  6,  4,  4,  5,  3,  9,  9,\n",
              "         8,  7,  3],\n",
              "       [17, 17, 16, 12, 17,  3, 23, 16, 20, 15,  6, 25, 17, 12,  6, 23,\n",
              "        20, 16, 13],\n",
              "       [12, 16, 19, 21, 17, 17,  3, 11, 20, 13, 24, 21,  6, 19,  6, 23,\n",
              "         6, 20,  5],\n",
              "       [24, 19,  8, 25,  7,  8, 19, 13, 10, 17, 23,  5, 13, 16, 10,  5,\n",
              "        24,  8,  7]], dtype=int64)"
            ]
          },
          "execution_count": 66,
          "metadata": {},
          "output_type": "execute_result"
        }
      ],
      "source": [
        "B1"
      ]
    },
    {
      "cell_type": "code",
      "execution_count": null,
      "id": "a658ae6a",
      "metadata": {
        "id": "a658ae6a"
      },
      "outputs": [],
      "source": [
        "C1=np. dot(B1,array3)"
      ]
    },
    {
      "cell_type": "code",
      "execution_count": null,
      "id": "508b68bb",
      "metadata": {
        "id": "508b68bb",
        "outputId": "578f36ec-b999-447e-8cd8-c9cca3fb807a"
      },
      "outputs": [
        {
          "data": {
            "text/plain": [
              "array([[  19,   78,  129,  107,  294,  279,  261],\n",
              "       [  78,  426,  528,  475, 1266, 1129, 1017],\n",
              "       [ 129,  528, 1057,  768, 2179, 1813, 1654],\n",
              "       [ 107,  475,  768,  709, 1719, 1530, 1353],\n",
              "       [ 294, 1266, 2179, 1719, 5170, 4281, 3952],\n",
              "       [ 279, 1129, 1813, 1530, 4281, 4919, 3698],\n",
              "       [ 261, 1017, 1654, 1353, 3952, 3698, 4451]], dtype=int64)"
            ]
          },
          "execution_count": 68,
          "metadata": {},
          "output_type": "execute_result"
        }
      ],
      "source": [
        "C1"
      ]
    },
    {
      "cell_type": "code",
      "execution_count": null,
      "id": "ab2acbf6",
      "metadata": {
        "id": "ab2acbf6",
        "outputId": "01066956-d237-416e-d18c-cb9559cbb97a"
      },
      "outputs": [
        {
          "data": {
            "text/plain": [
              "array([[ 2.20983877e+00, -4.00839273e-02, -6.08469605e-02,\n",
              "        -7.40329509e-02, -3.64447026e-03, -3.55138880e-02,\n",
              "        -4.25661210e-02],\n",
              "       [-4.00839273e-02,  1.19117932e-02,  3.05481344e-03,\n",
              "        -3.43528047e-03, -1.57510337e-03,  3.96943156e-04,\n",
              "         6.06559668e-04],\n",
              "       [-6.08469605e-02,  3.05481344e-03,  1.00697054e-02,\n",
              "        -1.46952078e-03, -2.87225907e-03,  1.05990864e-03,\n",
              "         1.24441834e-03],\n",
              "       [-7.40329509e-02, -3.43528047e-03, -1.46952078e-03,\n",
              "         1.31527644e-02, -3.43885121e-04,  6.64227055e-04,\n",
              "         1.42752190e-03],\n",
              "       [-3.64447026e-03, -1.57510337e-03, -2.87225907e-03,\n",
              "        -3.43885121e-04,  2.58156794e-03, -2.71534008e-04,\n",
              "        -3.21083760e-04],\n",
              "       [-3.55138880e-02,  3.96943156e-04,  1.05990864e-03,\n",
              "         6.64227055e-04, -2.71534008e-04,  1.42464901e-03,\n",
              "         4.53470200e-04],\n",
              "       [-4.25661210e-02,  6.06559668e-04,  1.24441834e-03,\n",
              "         1.42752190e-03, -3.21083760e-04,  4.53470200e-04,\n",
              "         1.59406236e-03]])"
            ]
          },
          "execution_count": 69,
          "metadata": {},
          "output_type": "execute_result"
        }
      ],
      "source": [
        "E1=np.linalg.inv(C1)\n",
        "E1"
      ]
    },
    {
      "cell_type": "code",
      "execution_count": null,
      "id": "fe70010b",
      "metadata": {
        "id": "fe70010b"
      },
      "outputs": [],
      "source": [
        "F1=np.dot(E1,B1)"
      ]
    },
    {
      "cell_type": "code",
      "execution_count": null,
      "id": "482e2963",
      "metadata": {
        "id": "482e2963"
      },
      "outputs": [],
      "source": [
        "G1=np.dot(F1,Tar)"
      ]
    },
    {
      "cell_type": "code",
      "execution_count": null,
      "id": "0602a892",
      "metadata": {
        "id": "0602a892",
        "outputId": "49648fc6-d069-4afe-c235-28382ff6cb53"
      },
      "outputs": [
        {
          "data": {
            "text/plain": [
              "array([55.21198635, -0.96167903, -0.19654132,  0.45088493,  1.73316932,\n",
              "       -0.08821606, -0.72355224])"
            ]
          },
          "execution_count": 72,
          "metadata": {},
          "output_type": "execute_result"
        }
      ],
      "source": [
        "G1"
      ]
    },
    {
      "cell_type": "markdown",
      "id": "97eca742",
      "metadata": {
        "id": "97eca742"
      },
      "source": [
        "***Model***"
      ]
    },
    {
      "cell_type": "code",
      "execution_count": 5,
      "id": "0d20761e",
      "metadata": {
        "colab": {
          "base_uri": "https://localhost:8080/",
          "height": 206
        },
        "id": "0d20761e",
        "outputId": "41da8f69-31dc-4e99-d343-d383774ad943"
      },
      "outputs": [
        {
          "data": {
            "application/vnd.google.colaboratory.intrinsic+json": {
              "summary": "{\n  \"name\": \"AA1\",\n  \"rows\": 19,\n  \"fields\": [\n    {\n      \"column\": \"F1\",\n      \"properties\": {\n        \"dtype\": \"number\",\n        \"std\": 2,\n        \"min\": 1,\n        \"max\": 8,\n        \"num_unique_values\": 7,\n        \"samples\": [\n          3,\n          2,\n          8\n        ],\n        \"semantic_type\": \"\",\n        \"description\": \"\"\n      }\n    },\n    {\n      \"column\": \"F2\",\n      \"properties\": {\n        \"dtype\": \"number\",\n        \"std\": 3,\n        \"min\": 2,\n        \"max\": 12,\n        \"num_unique_values\": 10,\n        \"samples\": [\n          3,\n          12,\n          10\n        ],\n        \"semantic_type\": \"\",\n        \"description\": \"\"\n      }\n    },\n    {\n      \"column\": \"F3\",\n      \"properties\": {\n        \"dtype\": \"number\",\n        \"std\": 2,\n        \"min\": 2,\n        \"max\": 9,\n        \"num_unique_values\": 8,\n        \"samples\": [\n          2,\n          5,\n          4\n        ],\n        \"semantic_type\": \"\",\n        \"description\": \"\"\n      }\n    },\n    {\n      \"column\": \"F4\",\n      \"properties\": {\n        \"dtype\": \"number\",\n        \"std\": 5,\n        \"min\": 3,\n        \"max\": 25,\n        \"num_unique_values\": 10,\n        \"samples\": [\n          25,\n          16,\n          20\n        ],\n        \"semantic_type\": \"\",\n        \"description\": \"\"\n      }\n    },\n    {\n      \"column\": \"F5\",\n      \"properties\": {\n        \"dtype\": \"number\",\n        \"std\": 6,\n        \"min\": 3,\n        \"max\": 24,\n        \"num_unique_values\": 13,\n        \"samples\": [\n          23,\n          24,\n          12\n        ],\n        \"semantic_type\": \"\",\n        \"description\": \"\"\n      }\n    },\n    {\n      \"column\": \"F6\",\n      \"properties\": {\n        \"dtype\": \"number\",\n        \"std\": 6,\n        \"min\": 5,\n        \"max\": 25,\n        \"num_unique_values\": 11,\n        \"samples\": [\n          13,\n          24,\n          5\n        ],\n        \"semantic_type\": \"\",\n        \"description\": \"\"\n      }\n    },\n    {\n      \"column\": \"T\",\n      \"properties\": {\n        \"dtype\": \"number\",\n        \"std\": 16,\n        \"min\": 50,\n        \"max\": 98,\n        \"num_unique_values\": 14,\n        \"samples\": [\n          98,\n          59,\n          50\n        ],\n        \"semantic_type\": \"\",\n        \"description\": \"\"\n      }\n    }\n  ]\n}",
              "type": "dataframe",
              "variable_name": "AA1"
            },
            "text/html": [
              "\n",
              "  <div id=\"df-06d13b7f-5849-4cef-bee1-d02a8f0231ea\" class=\"colab-df-container\">\n",
              "    <div>\n",
              "<style scoped>\n",
              "    .dataframe tbody tr th:only-of-type {\n",
              "        vertical-align: middle;\n",
              "    }\n",
              "\n",
              "    .dataframe tbody tr th {\n",
              "        vertical-align: top;\n",
              "    }\n",
              "\n",
              "    .dataframe thead th {\n",
              "        text-align: right;\n",
              "    }\n",
              "</style>\n",
              "<table border=\"1\" class=\"dataframe\">\n",
              "  <thead>\n",
              "    <tr style=\"text-align: right;\">\n",
              "      <th></th>\n",
              "      <th>F1</th>\n",
              "      <th>F2</th>\n",
              "      <th>F3</th>\n",
              "      <th>F4</th>\n",
              "      <th>F5</th>\n",
              "      <th>F6</th>\n",
              "      <th>T</th>\n",
              "    </tr>\n",
              "  </thead>\n",
              "  <tbody>\n",
              "    <tr>\n",
              "      <th>0</th>\n",
              "      <td>3</td>\n",
              "      <td>7</td>\n",
              "      <td>4</td>\n",
              "      <td>17</td>\n",
              "      <td>12</td>\n",
              "      <td>24</td>\n",
              "      <td>50</td>\n",
              "    </tr>\n",
              "    <tr>\n",
              "      <th>1</th>\n",
              "      <td>2</td>\n",
              "      <td>12</td>\n",
              "      <td>2</td>\n",
              "      <td>17</td>\n",
              "      <td>16</td>\n",
              "      <td>19</td>\n",
              "      <td>51</td>\n",
              "    </tr>\n",
              "    <tr>\n",
              "      <th>2</th>\n",
              "      <td>1</td>\n",
              "      <td>9</td>\n",
              "      <td>9</td>\n",
              "      <td>16</td>\n",
              "      <td>19</td>\n",
              "      <td>8</td>\n",
              "      <td>76</td>\n",
              "    </tr>\n",
              "    <tr>\n",
              "      <th>3</th>\n",
              "      <td>6</td>\n",
              "      <td>2</td>\n",
              "      <td>2</td>\n",
              "      <td>12</td>\n",
              "      <td>21</td>\n",
              "      <td>25</td>\n",
              "      <td>57</td>\n",
              "    </tr>\n",
              "    <tr>\n",
              "      <th>4</th>\n",
              "      <td>6</td>\n",
              "      <td>12</td>\n",
              "      <td>9</td>\n",
              "      <td>17</td>\n",
              "      <td>17</td>\n",
              "      <td>7</td>\n",
              "      <td>61</td>\n",
              "    </tr>\n",
              "  </tbody>\n",
              "</table>\n",
              "</div>\n",
              "    <div class=\"colab-df-buttons\">\n",
              "\n",
              "  <div class=\"colab-df-container\">\n",
              "    <button class=\"colab-df-convert\" onclick=\"convertToInteractive('df-06d13b7f-5849-4cef-bee1-d02a8f0231ea')\"\n",
              "            title=\"Convert this dataframe to an interactive table.\"\n",
              "            style=\"display:none;\">\n",
              "\n",
